return {
	Vector3.new(0, 0, 0),
	Vector3.new(0.58631134, 0.569705963, 0),
	Vector3.new(1.45779037, 0.997806549, 0),
	Vector3.new(2.32751083, 1.31590652, 0),
	Vector3.new(3.3790741, 1.58336639, 0),
	Vector3.new(4.71443939, 1.54427338, 0),
	Vector3.new(3.92327118, 1.79313278, 0),
	Vector3.new(2.90962601, 1.9329567, 0),
	Vector3.new(1.70463181, 1.5092392, 0),
	Vector3.new(0.735416412, 1.07344437, 0),
	Vector3.new(-0.133705139, 0.673160553, 0),
	Vector3.new(0.362678528, 0.822181702, 0),
	Vector3.new(-0.0451316833, 0.0596809387, 0),
	Vector3.new(1.69046402, 1.37784195, 0),
	Vector3.new(4.09095383, 1.72021103, 0),
	Vector3.new(2.8109436, 1.81879044, 0),
	Vector3.new(0.302761078, 0.792484283, 0),
	Vector3.new(0.166526794, 0.270420074, 0),
	Vector3.new(1.31085968, 1.18925858, 0),
	Vector3.new(0.290550232, 0.490123749, 0),
	Vector3.new(0.445903778, 0.809474945, 0),
	Vector3.new(2.90024185, 1.56137466, 0),
	Vector3.new(1.56607819, 1.30898666, 0),
	Vector3.new(2.85571289, 1.72284698, 0),
	Vector3.new(3.63110733, 1.71914291, 0),
	Vector3.new(2.61791611, 1.61755753, 0),
	Vector3.new(3.03048706, 1.45420074, 0),
	Vector3.new(2.96802902, 1.04838562, 0),
	Vector3.new(2.76716995, 0.49023819, 0),
	Vector3.new(2.44779968, -0.045791626, 0),
	Vector3.new(1.93353271, -0.547088623, 0),
	Vector3.new(1.35163116, -0.763847351, 0),
	Vector3.new(0.961856842, -0.755466461, 0),
	Vector3.new(0.731285095, -0.666698456, 0),
	Vector3.new(0.961166382, -0.441013336, 0),
	Vector3.new(1.27039719, -0.510105133, 0),
	Vector3.new(1.57819748, -0.426769257, 0),
	Vector3.new(1.78160858, -0.124134064, 0),
	Vector3.new(1.71947861, 0.168308258, 0),
	Vector3.new(1.44958496, 0.250270844, 0),
	Vector3.new(1.21707916, 0.340297699, 0),
	Vector3.new(0.78219223, 0.149559021, 0),
	Vector3.new(0.497768402, -0.0241699219, 0),
	Vector3.new(0.641345978, 0.487789154, 0),
	Vector3.new(1.68798065, 0.967601776, 0),
	Vector3.new(1.67329788, 0.713092804, 0),
	Vector3.new(1.89985657, 0.581417084, 0),
	Vector3.new(2.25452423, 0.636333466, 0),
	Vector3.new(2.44504547, 0.879970551, 0),
	Vector3.new(2.41067505, 1.18397903, 0),
	Vector3.new(2.39926529, 1.32847977, 0),
	Vector3.new(2.8827858, 1.37752533, 0),
	Vector3.new(2.4844017, 0.0697402954, 0),
	Vector3.new(2.77466202, 1.28705978, 0),
	Vector3.new(2.59311676, 1.21327591, 0),
	Vector3.new(2.35155487, -0.026763916, 0),
	Vector3.new(1.72448349, -0.562934875, 0),
	Vector3.new(0.852806091, -0.693675995, 0),
	Vector3.new(1.82894897, -0.396263123, 0),
	Vector3.new(2.51713181, 0.766002655, 0),
	Vector3.new(2.11882782, -0.132247925, 0),
	Vector3.new(2.3152504, 0.042388916, 0),
	Vector3.new(1.24053955, 0.697078705, 0),
	Vector3.new(1.58072281, 0.828689575, 0),
	Vector3.new(2.21246719, 0.202087402, 0),
	Vector3.new(1.35467148, 0.732608795, 0),
	Vector3.new(1.64909363, 0.700942993, 0),
	Vector3.new(2.15869522, 0.447788239, 0),
	Vector3.new(2.27485275, 0.549110413, 0),
	Vector3.new(2.11647034, 0.364204407, 0),
	Vector3.new(1.04564667, 0.634395599, 0),
	Vector3.new(0.660762787, 0.34116745, 0),
	Vector3.new(0.609527588, 0.114315033, 0),
	Vector3.new(1.24988937, 0.550704956, 0),
	Vector3.new(0.842166901, 0.336421967, 0),
	Vector3.new(1.35518265, 0.424156189, 0),
	Vector3.new(2.03889084, 0.0740280151, 0),
	Vector3.new(1.86283875, -0.194229126, 0),
	Vector3.new(1.86516953, 0.0931854248, 0),
	Vector3.new(1.33756256, 0.526302338, 0),
	Vector3.new(1.47600937, 0.786243439, 0),
	Vector3.new(1.82397842, 1.36310959, 0),
	Vector3.new(2.82113647, 1.59906006, 0),
	Vector3.new(3.51071548, 0.343952179, 0),
	Vector3.new(3.38227463, -0.0157585144, 0),
	Vector3.new(3.01747131, -0.480575562, 0),
	Vector3.new(2.54936981, -0.836006165, 0),
	Vector3.new(1.96214676, -1.10224915, 0),
	Vector3.new(1.20245743, -1.23752975, 0),
	Vector3.new(1.96209717, -1.12306595, 0),
	Vector3.new(2.71902084, -0.774112701, 0),
	Vector3.new(3.12457275, -0.375232697, 0),
	Vector3.new(3.55407715, 0.365573883, 0),
	Vector3.new(4.06325912, -0.267589569, 0),
	Vector3.new(4.58660889, -1.17574692, 0),
	Vector3.new(4.12697601, 0.0958786011, 0),
	Vector3.new(3.83185196, 1.31817245, 0),
	Vector3.new(3.65020752, 2.58277893, 0),
	Vector3.new(3.30089188, 4.69639206, 0),
	Vector3.new(4.18284988, 2.91099548, 0),
	Vector3.new(5.00320435, 1.57284164, 0),
	Vector3.new(5.83020782, 0.509384155, 0),
	Vector3.new(6.05821991, 0.0394477844, 0),
	Vector3.new(6.10239792, -1.18898392, 0),
	Vector3.new(6.06578827, -3.05731583, 0),
	Vector3.new(5.49007034, -4.66394806, 0),
	Vector3.new(6.69620132, -3.62738037, 0),
	Vector3.new(7.55082703, -2.32402802, 0),
	Vector3.new(8.29221344, -1.30318451, 0),
	Vector3.new(8.60604858, -1.90026855, 0),
	Vector3.new(9.17605591, -2.65911865, 0),
	Vector3.new(9.74086761, -3.08000565, 0),
	Vector3.new(9.35567474, -1.95254135, 0),
	Vector3.new(9.44831085, -1.03447342, 0),
	Vector3.new(9.78879547, -1.69717026, 0),
	Vector3.new(10.6004333, -2.62603378, 0),
	Vector3.new(10.384346, -1.61152649, 0),
	Vector3.new(10.3070831, -0.725460052, 0),
	Vector3.new(10.8193665, 2.53656006, 0),
	Vector3.new(11.045929, 3.68873596, 0),
	Vector3.new(11.7679138, 2.29982758, 0),
	Vector3.new(12.8530426, 0.933486938, 0),
	Vector3.new(12.212532, 2.57201767, 0),
	Vector3.new(12.1287231, 5.60535812, 0),
	Vector3.new(11.9159317, 8.78582001, 0),
	Vector3.new(11.5958481, 10.5625572, 0),
	Vector3.new(11.6316223, 6.9597168, 0),
	Vector3.new(10.941925, 8.91631317, 0),
	Vector3.new(8.74491882, 12.4938774, 0),
	Vector3.new(9.763237, 9.68316269, 0),
	Vector3.new(9.74554443, 9.17362976, 0),
	Vector3.new(8.49147034, 11.2529945, 0),
	Vector3.new(9.27204895, 9.0676384, 0),
	Vector3.new(9.16181946, 5.48368454, 0),
	Vector3.new(9.16934204, 3.2851944, 0),
	Vector3.new(8.1753006, 5.80598068, 0),
	Vector3.new(7.52207947, 7.47634888, 0),
	Vector3.new(6.14593887, 9.45232773, 0),
	Vector3.new(6.49272919, 7.69077682, 0),
	Vector3.new(7.01989746, 3.46085358, 0),
	Vector3.new(6.04265594, 5.98014832, 0),
	Vector3.new(4.48568726, 8.35321426, 0),
	Vector3.new(3.2265625, 11.2018547, 0),
	Vector3.new(2.68740082, 12.4290771, 0),
	Vector3.new(2.75018311, 8.48830032, 0),
	Vector3.new(3.00954437, 5.22916412, 0),
	Vector3.new(2.24919128, 7.57078171, 0),
	Vector3.new(1.96094513, 8.3359375, 0),
	Vector3.new(1.62888718, 6.6410675, 0),
	Vector3.new(1.67705917, 5.78551865, 0),
	Vector3.new(2.26543427, 3.32711029, 0),
	Vector3.new(2.79712296, 1.85955811, 0),
	Vector3.new(2.02219009, 8.21841812, 0),
	Vector3.new(2.92067719, 5.57005692, 0),
	Vector3.new(3.37702179, 1.84389877, 0),
	Vector3.new(3.72280121, 1.78204727, 0),
	Vector3.new(3.26932144, 4.68832397, 0),
	Vector3.new(3.80997849, 3.65958786, 0),
	Vector3.new(3.22585678, 11.168499, 0),
	Vector3.new(3.96008301, 9.54076004, 0),
	Vector3.new(4.5037117, 2.43811035, 0),
	Vector3.new(5.06229401, 1.47948074, 0),
	Vector3.new(4.66283035, 8.07253647, 0),
	Vector3.new(5.29428482, 7.05707932, 0),
	Vector3.new(5.70415115, 0.71112442, 0),
	Vector3.new(6.12297821, -0.0339622498, 0),
	Vector3.new(5.93170929, 6.07980728, 0),
	Vector3.new(6.40602875, 4.92881393, 0),
	Vector3.new(6.95204163, -3.24902725, 0),
	Vector3.new(7.54009247, -2.29591751, 0),
	Vector3.new(7.00849915, 3.6374588, 0),
	Vector3.new(6.56336594, 7.40192032, 0),
	Vector3.new(6.23993301, 9.22376251, 0),
	Vector3.new(6.92224121, 8.32934952, 0),
	Vector3.new(8.12812042, -1.48212814, 0),
	Vector3.new(8.30872345, -1.29990768, 0),
	Vector3.new(8.89759827, -2.26903915, 0),
	Vector3.new(7.74697113, 6.93452072, 0),
	Vector3.new(8.65906525, 4.57782745, 0),
	Vector3.new(9.39285278, -1.17736435, 0),
	Vector3.new(10.0169296, -1.96988678, 0),
	Vector3.new(9.18099213, 5.83633423, 0),
	Vector3.new(9.30809784, 8.99199295, 0),
	Vector3.new(10.4272766, 0.0344429016, 0),
	Vector3.new(10.8095398, 2.36378098, 0),
	Vector3.new(9.94100952, 10.5754204, 0),
	Vector3.new(10.7411499, 9.28252792, 0),
	Vector3.new(11.4920273, 2.95843887, 0),
	Vector3.new(11.9890594, 2.11436081, 0),
	Vector3.new(11.5763931, 7.14489365, 0),
	Vector3.new(11.571228, 10.6228142, 0),
	Vector3.new(11.2867584, 11.5441971, 0),
	Vector3.new(11.9612274, 10.700573, 0),
	Vector3.new(13.9662399, 8.91054916, 0),
	Vector3.new(12.689743, 11.5433693, 0),
	Vector3.new(11.9811935, 13.7566948, 0),
	Vector3.new(10.4065933, 16.8362503, 0),
	Vector3.new(7.26036835, 20.1021156, 0),
	Vector3.new(10.4711533, 16.8198586, 0),
	Vector3.new(10.8589401, 16.1251259, 0),
	Vector3.new(10.5807648, 17.4497261, 0),
	Vector3.new(10.1902313, 18.0450935, 0),
	Vector3.new(12.7582703, 18.181572, 0),
	Vector3.new(10.7604675, 18.4723091, 0),
	Vector3.new(9.52722168, 19.0299492, 0),
	Vector3.new(8.78128052, 19.8914413, 0),
	Vector3.new(10.1063004, 20.4574776, 0),
	Vector3.new(11.5203323, 21.3815117, 0),
	Vector3.new(10.0526047, 21.3409386, 0),
	Vector3.new(8.47402191, 21.5887566, 0),
	Vector3.new(9.38182068, 22.5180244, 0),
	Vector3.new(8.44709015, 22.3232307, 0),
	Vector3.new(6.51168442, 22.4571533, 0),
	Vector3.new(5.7289772, 23.0027046, 0),
	Vector3.new(4.14086914, 24.29842, 0),
	Vector3.new(3.41860199, 24.831646, 0),
	Vector3.new(3.31178665, 25.9414635, 0),
	Vector3.new(-19.61586, 26.0694847, 0),
	Vector3.new(-21.4132538, 25.2164497, 0),
	Vector3.new(-23.110672, 24.8408318, 0),
	Vector3.new(-24.3695068, 24.8076744, 0),
	Vector3.new(-25.8488712, 25.2715797, 0),
	Vector3.new(-23.99263, 24.50243, 0),
	Vector3.new(-21.9301147, 23.883007, 0),
	Vector3.new(-23.7819595, 22.6971016, 0),
	Vector3.new(-25.4977074, 21.5545845, 0),
	Vector3.new(-27.2415257, 20.6766777, 0),
	Vector3.new(-28.6142998, 20.518692, 0),
	Vector3.new(-26.4096031, 20.3379555, 0),
	Vector3.new(-24.9797421, 20.5414505, 0),
	Vector3.new(-26.1929111, 18.1681404, 0),
	Vector3.new(-27.1519756, 18.0658684, 0),
	Vector3.new(-29.3713036, 18.0394173, 0),
	Vector3.new(-27.536171, 17.4594002, 0),
	Vector3.new(-26.411253, 17.3085976, 0),
	Vector3.new(-27.0917549, 15.7571449, 0),
	Vector3.new(-27.7591515, 15.006958, 0),
	Vector3.new(-29.1172123, 12.5717812, 0),
	Vector3.new(-30.0854683, 10.3973656, 0),
	Vector3.new(-30.4883194, 8.34667587, 0),
	Vector3.new(-29.1370258, 10.6529427, 0),
	Vector3.new(-28.9126148, 10.7988739, 0),
	Vector3.new(-28.4679108, 9.10007858, 0),
	Vector3.new(-28.2367306, 7.88822937, 0),
	Vector3.new(-28.4908581, 5.07672882, 0),
	Vector3.new(-28.211216, 3.57195663, 0),
	Vector3.new(-28.9743748, 2.8053093, 0),
	Vector3.new(-30.2115383, 2.27260971, 0),
	Vector3.new(-28.2849197, 2.9942894, 0),
	Vector3.new(-28.0552464, 2.99359512, 0),
	Vector3.new(-27.5578785, 1.60323334, 0),
	Vector3.new(-27.246891, 1.01242065, 0),
	Vector3.new(-27.2266121, 1.8829155, 0),
	Vector3.new(-27.2207584, 2.13421631, 0),
	Vector3.new(-26.845808, 1.61418533, 0),
	Vector3.new(-26.194788, 0.961006165, 0),
	Vector3.new(-25.6597538, -0.723175049, 0),
	Vector3.new(-25.0120087, -2.12709045, 0),
	Vector3.new(-24.3436661, -3.53945923, 0),
	Vector3.new(-24.536377, -1.93917465, 0),
	Vector3.new(-24.4647293, -1.49240875, 0),
	Vector3.new(-23.1327972, -2.55511856, 0),
	Vector3.new(-22.224865, -1.08956146, 0),
	Vector3.new(-21.9457741, -0.0117683411, 0),
	Vector3.new(-21.5113983, 1.05397797, 0),
	Vector3.new(-20.8487778, 1.62791443, 0),
	Vector3.new(-20.7090302, 1.75827789, 0),
	Vector3.new(-19.8274689, 4.57978439, 0),
	Vector3.new(-18.7031937, 7.15367126, 0),
	Vector3.new(-16.7994728, 10.6504936, 0),
	Vector3.new(-18.2172318, 8.88405228, 0),
	Vector3.new(-19.644455, 7.4156723, 0),
	Vector3.new(-18.6229286, 9.69316483, 0),
	Vector3.new(-17.1902771, 11.8809166, 0),
	Vector3.new(-15.4942169, 13.9342346, 0),
	Vector3.new(-18.0055237, 11.6804008, 0),
	Vector3.new(-19.6510506, 9.86156082, 0),
	Vector3.new(-21.1433716, 7.76346207, 0),
	Vector3.new(-22.5231705, 5.54841232, 0),
	Vector3.new(-23.5030594, 3.45002365, 0),
	Vector3.new(-23.9186592, 2.24087906, 0),
	Vector3.new(-23.8393402, 3.99292374, 0),
	Vector3.new(-23.6296539, 5.55731583, 0),
	Vector3.new(-24.1220779, 4.62313461, 0),
	Vector3.new(-24.5045738, 4.3731842, 0),
	Vector3.new(-24.3493958, 5.30799103, 0),
	Vector3.new(-23.1484909, 7.83325577, 0),
	Vector3.new(-21.8356705, 10.1720314, 0),
	Vector3.new(-20.6487541, 11.854763, 0),
	Vector3.new(-22.8171272, 9.74184036, 0),
	Vector3.new(-24.2698669, 7.82404327, 0),
	Vector3.new(-25.355648, 5.95582199, 0),
	Vector3.new(-25.1368351, 7.34004593, 0),
	Vector3.new(-24.6250534, 9.04997635, 0),
	Vector3.new(-23.0767937, 12.1404228, 0),
	Vector3.new(-24.3630981, 10.6026306, 0),
	Vector3.new(-25.6159973, 8.87710571, 0),
	Vector3.new(-26.7672234, 5.99105453, 0),
	Vector3.new(-26.7889156, 8.14451599, 0),
	Vector3.new(-26.5879002, 11.4700737, 0),
	Vector3.new(-25.7188816, 13.5310249, 0),
	Vector3.new(-23.5344124, 16.500927, 0),
	Vector3.new(-25.6148815, 15.1771049, 0),
	Vector3.new(-27.291954, 12.7792664, 0),
	Vector3.new(-27.980793, 11.4529839, 0),
	Vector3.new(-26.8942547, 12.4326134, 0),
	Vector3.new(-27.2066822, 9.89130783, 0),
	Vector3.new(-27.4612503, 8.17227936, 0),
	Vector3.new(-27.4866028, 6.92102814, 0),
	Vector3.new(-27.7993755, 7.86700821, 0),
	Vector3.new(-28.4029198, 5.82694244, 0),
	Vector3.new(-27.8247108, 7.85251236, 0),
	Vector3.new(-27.7766685, 2.22956467, 0),
	Vector3.new(-27.3023968, 1.05561066, 0),
	Vector3.new(-27.1871071, 2.03841782, 0),
	Vector3.new(-27.193615, 9.83824539, 0),
	Vector3.new(-26.8863411, 12.525322, 0),
	Vector3.new(-26.7431984, 9.17792892, 0),
	Vector3.new(-26.5772743, 11.5258141, 0),
	Vector3.new(-26.2596798, 12.2573509, 0),
	Vector3.new(-26.4106541, 14.0843964, 0),
	Vector3.new(-25.7528629, 14.9969826, 0),
	Vector3.new(-25.6317616, 13.7098389, 0),
	Vector3.new(-24.8834991, 14.6669006, 0),
	Vector3.new(-24.7948074, 15.7026405, 0),
	Vector3.new(-24.8647976, 14.6761513, 0),
	Vector3.new(-25.6211109, 13.7579308, 0),
	Vector3.new(-26.2966251, 12.2456932, 0),
	Vector3.new(-26.5902519, 11.500164, 0),
	Vector3.new(-26.7293625, 8.96631622, 0),
	Vector3.new(-26.7810173, 6.07082748, 0),
	Vector3.new(-26.4217739, 6.8276329, 0),
	Vector3.new(-26.3808231, 1.26594925, 0),
	Vector3.new(-25.8236904, -0.0762062073, 0),
	Vector3.new(-25.7409515, 8.49474716, 0),
	Vector3.new(-25.0160866, 9.77405167, 0),
	Vector3.new(-25.1148243, 7.70931244, 0),
	Vector3.new(-24.6451645, 9.08045959, 0),
	Vector3.new(-24.2861252, 9.77403641, 0),
	Vector3.new(-24.3778687, 10.5461082, 0),
	Vector3.new(-23.8822594, 11.2312431, 0),
	Vector3.new(-23.8757706, 10.6834373, 0),
	Vector3.new(-24.4241638, 9.5687561, 0),
	Vector3.new(-24.9262142, 8.20327377, 0),
	Vector3.new(-25.1077461, 7.5064621, 0),
	Vector3.new(-25.3115826, 6.1255722, 0),
	Vector3.new(-24.9712658, 6.64095306, 0),
	Vector3.new(-25.2583027, -1.58840179, 0),
	Vector3.new(-24.6447105, -2.81322479, 0),
	Vector3.new(-24.3815651, 4.40658569, 0),
	Vector3.new(-24.5096436, 4.3832283, 0),
	Vector3.new(-24.3465118, 5.38377762, 0),
	Vector3.new(-24.2549438, 5.50347519, 0),
	Vector3.new(-24.1012077, 8.03866959, 0),
	Vector3.new(-23.4805756, 8.85931778, 0),
	Vector3.new(-23.5513496, 7.05768585, 0),
	Vector3.new(-22.8747406, 8.33724594, 0),
	Vector3.new(-22.7553215, 9.81013489, 0),
	Vector3.new(-22.1575699, 10.4087791, 0),
	Vector3.new(-22.1788177, 9.60648727, 0),
	Vector3.new(-22.9018555, 8.33891678, 0),
	Vector3.new(-23.5566711, 7.10329056, 0),
	Vector3.new(-24.3485298, 5.41548538, 0),
	Vector3.new(-24.4562645, 4.43392181, 0),
	Vector3.new(-24.1070709, 4.6451416, 0),
	Vector3.new(-23.6468544, 5.54369736, 0),
	Vector3.new(-23.827034, 3.955513, 0),
	Vector3.new(-23.9200058, 2.28477478, 0),
	Vector3.new(-24.0749397, -1.76779938, 0),
	Vector3.new(-23.5475845, -2.21004486, 0),
	Vector3.new(-23.3955002, 3.65325546, 0),
	Vector3.new(-23.0164452, 4.48460007, 0),
	Vector3.new(-23.0159378, -2.36800385, 0),
	Vector3.new(-22.5038605, -1.47540665, 0),
	Vector3.new(-22.6391373, 5.32484055, 0),
	Vector3.new(-22.1969681, 6.06663132, 0),
	Vector3.new(-21.9047318, -0.0274581909, 0),
	Vector3.new(-21.5274773, 1.01309586, 0),
	Vector3.new(-21.2703857, 1.27335358, 0),
	Vector3.new(-21.7673645, 6.75072861, 0),
	Vector3.new(-21.3729706, 7.37911606, 0),
	Vector3.new(-20.7388077, 1.77471542, 0),
	Vector3.new(-20.2937622, 3.15137482, 0),
	Vector3.new(-20.9322128, 8.01132584, 0),
	Vector3.new(-20.4138794, 8.79781342, 0),
	Vector3.new(-19.8936195, 4.37621307, 0),
	Vector3.new(-19.4919243, 5.39348221, 0),
	Vector3.new(-19.949398, 9.52003479, 0),
	Vector3.new(-19.5089645, 10.0204124, 0),
	Vector3.new(-19.2583084, 8.26703644, 0),
	Vector3.new(-18.9159889, 9.05916214, 0),
	Vector3.new(-19.0419388, 10.5303612, 0),
	Vector3.new(-18.5836143, 11.0454636, 0),
	Vector3.new(-18.5230217, 9.85432816, 0),
	Vector3.new(-18.0477753, 10.5639839, 0),
	Vector3.new(-18.0933876, 11.5976601, 0),
	Vector3.new(-17.4935646, 12.1583061, 0),
	Vector3.new(-17.4904785, 11.4718475, 0),
	Vector3.new(-18.4920692, 9.95956802, 0),
	Vector3.new(-19.5722809, 7.61265564, 0),
	Vector3.new(-18.6852074, 8.38837814, 0),
	Vector3.new(-17.4714661, 9.83664703, 0),
	Vector3.new(-16.8768425, 10.6151543, 0),
	Vector3.new(-18.673275, 7.23714066, 0),
	Vector3.new(-19.48983, 5.37355042, 0),
	Vector3.new(-20.3020859, 3.04813004, 0),
	Vector3.new(-20.6942062, 1.63563156, 0),
	Vector3.new(-20.5149269, 1.34028244, 0),
	Vector3.new(-20.476696, -0.303184509, 0),
	Vector3.new(-20.1575317, -2.41085434, 0),
	Vector3.new(-19.3672943, -4.43933105, 0),
	Vector3.new(-18.4987602, -6.05047226, 0),
	Vector3.new(-18.3956604, -4.52467346, 0),
	Vector3.new(-17.9119797, -2.42276764, 0),
	Vector3.new(-17.5211067, -1.13249588, 0),
	Vector3.new(-17.2273865, -3.29511642, 0),
	Vector3.new(-16.6689835, -5.4216423, 0),
	Vector3.new(-15.7614479, -7.18793678, 0),
	Vector3.new(-16.1557312, -4.81563187, 0),
	Vector3.new(-15.1577759, -5.54758072, 0),
	Vector3.new(-13.1249962, -6.66248322, 0),
	Vector3.new(-13.8317604, -5.39258957, 0),
	Vector3.new(-14.3263931, -2.97945786, 0),
	Vector3.new(-14.1872406, -0.888542175, 0),
	Vector3.new(-14.7129211, -2.9232254, 0),
	Vector3.new(-14.7127647, -3.84363937, 0),
	Vector3.new(-14.5776443, -5.01060867, 0),
	Vector3.new(-15.4576721, -3.3897934, 0),
	Vector3.new(-16.3383484, -0.585254669, 0),
	Vector3.new(-16.2355919, 2.07907867, 0),
	Vector3.new(-16.1148148, 4.30902481, 0),
	Vector3.new(-15.6096535, 6.34468079, 0),
	Vector3.new(-13.5008965, 10.9133682, 0),
	Vector3.new(-15.9130669, 7.64493179, 0),
	Vector3.new(-17.4355545, 5.34490585, 0),
	Vector3.new(-18.5274696, 2.86784744, 0),
	Vector3.new(-19.1103935, 0.168411255, 0),
	Vector3.new(-19.2355652, -2.44696426, 0),
	Vector3.new(-18.9085007, -5.19023132, 0),
	Vector3.new(-18.6105194, -5.8710804, 0),
	Vector3.new(-19.0645981, 0.490009308, 0),
	Vector3.new(-18.7092819, 1.95097733, 0),
	Vector3.new(-18.2931595, -3.94803238, 0),
	Vector3.new(-17.9060135, -2.41664505, 0),
	Vector3.new(-18.2807426, 3.45173264, 0),
	Vector3.new(-17.8509674, 4.47014999, 0),
	Vector3.new(-17.4526978, -1.71378708, 0),
	Vector3.new(-17.0701065, -3.95781326, 0),
	Vector3.new(-16.8868179, -4.66592407, 0),
	Vector3.new(-17.3932037, 5.32063293, 0),
	Vector3.new(-16.8158112, 6.31479263, 0),
	Vector3.new(-16.3788681, -5.86061096, 0),
	Vector3.new(-15.874321, -7.03686333, 0),
	Vector3.new(-16.137146, -4.94986343, 0),
	Vector3.new(-15.6642723, -5.18266296, 0),
	Vector3.new(-15.9088249, -1.88862991, 0),
	Vector3.new(-15.3186417, -3.77048111, 0),
	Vector3.new(-15.1006012, -5.47675323, 0),
	Vector3.new(-14.4998169, -5.80442047, 0),
	Vector3.new(-14.604454, -4.80745697, 0),
	Vector3.new(-14.497509, -5.9194355, 0),
	Vector3.new(-14.0044975, -6.16311455, 0),
	Vector3.new(-14.1103172, -4.1696701, 0),
	Vector3.new(-14.3202744, -2.9891777, 0),
	Vector3.new(-14.1651688, -0.864089966, 0),
	Vector3.new(-14.713623, -2.93442154, 0),
	Vector3.new(-14.6303596, -4.94316483, 0),
	Vector3.new(-15.5417099, -3.14306259, 0),
	Vector3.new(-16.3164597, -0.620944977, 0),
	Vector3.new(-16.1188507, 4.25373077, 0),
	Vector3.new(-16.1792717, 7.23190308, 0),
	Vector3.new(-15.4940376, 8.32746506, 0),
	Vector3.new(-15.5669746, 6.40118027, 0),
	Vector3.new(-14.9306488, 7.8987999, 0),
	Vector3.new(-14.8008537, 9.15756607, 0),
	Vector3.new(-14.8987579, 8.04722214, 0),
	Vector3.new(-15.5676422, 6.37339401, 0),
	Vector3.new(-16.0703316, 4.48588943, 0),
	Vector3.new(-16.3147926, -0.610309601, 0),
	Vector3.new(-15.6658096, -2.74150467, 0),
	Vector3.new(-14.5954895, -4.89507294, 0),
	Vector3.new(-14.7248917, -2.86624146, 0),
	Vector3.new(-14.2105408, -0.921966553, 0),
	Vector3.new(-13.4819565, 2.54751205, 0),
	Vector3.new(-12.0595627, 5.8690033, 0),
	Vector3.new(-8.92592239, 11.5534859, 0),
	Vector3.new(-11.5701065, 5.00364304, 0),
	Vector3.new(-12.2666245, 2.9629631, 0),
	Vector3.new(-12.9182549, 1.03867722, 0),
	Vector3.new(-11.3571625, 3.0049324, 0),
	Vector3.new(-13.0177269, 0.839427948, 0),
	Vector3.new(-14.1471825, -1.05808258, 0),
	Vector3.new(-13.5694885, -0.0792274475, 0),
	Vector3.new(-13.5311089, 2.19213867, 0),
	Vector3.new(-12.94981, 3.79964066, 0),
	Vector3.new(-12.904026, 1.09414291, 0),
	Vector3.new(-12.2629623, 2.93940735, 0),
	Vector3.new(-12.3408661, 5.24317932, 0),
	Vector3.new(-11.7344017, 6.44484329, 0),
	Vector3.new(-11.6932869, 4.59308243, 0),
	Vector3.new(-11.1534882, 6.04991531, 0),
	Vector3.new(-11.0239143, 7.7493515, 0),
	Vector3.new(-10.3726807, 8.92561722, 0),
	Vector3.new(-10.4219131, 7.85676193, 0),
	Vector3.new(-11.4531136, 5.23344803, 0),
	Vector3.new(-12.2629623, 3.04044724, 0),
	Vector3.new(-12.8545837, 1.04554367, 0),
	Vector3.new(-11.3448372, 3.04374313, 0),
	Vector3.new(-11.0622749, 3.01925659, 0),
	Vector3.new(-10.2093773, 4.0336647, 0),
	Vector3.new(-11.4334869, 1.83929062, 0),
	Vector3.new(-12.4093742, -0.0773582458, 0),
	Vector3.new(-13.6215363, -0.244335175, 0),
	Vector3.new(-13.9041748, -0.658210754, 0),
	Vector3.new(-11.9890327, -0.374004364, 0),
	Vector3.new(-10.2228966, -0.486434937, 0),
	Vector3.new(-8.07439804, -0.743263245, 0),
	Vector3.new(-6.5585022, -0.981956482, 0),
	Vector3.new(-7.23017502, -0.645332336, 0),
	Vector3.new(-7.47303391, -0.23890686, 0),
	Vector3.new(-9.52494049, -0.15404129, 0),
	Vector3.new(-11.5053596, -0.0202102661, 0),
	Vector3.new(-12.434761, -0.118579865, 0),
	Vector3.new(-13.6534081, -0.319091797, 0),
	Vector3.new(-11.4595909, -0.139873505, 0),
	Vector3.new(-7.48642349, -0.412151337, 0),
	Vector3.new(-7.23986816, -0.758743286, 0),
	Vector3.new(-11.8990288, -0.252510071, 0),
	Vector3.new(-13.710907, -0.570789337, 0),
	Vector3.new(-13.71838, -0.415309906, 0),
	Vector3.new(-12.373333, -0.148975372, 0),
	Vector3.new(-13.3535805, -0.477645874, 0),
	Vector3.new(-13.3901367, -0.394935608, 0),
	Vector3.new(-12.1320801, -0.195049286, 0),
	Vector3.new(-11.2020569, -0.186290741, 0),
	Vector3.new(-7.37746429, -0.626094818, 0),
	Vector3.new(-7.50054932, -0.446895599, 0),
	Vector3.new(-11.0265541, -0.202598572, 0),
	Vector3.new(-7.97374344, -0.741043091, 0),
	Vector3.new(-8.03776169, -1.05210876, 0),
	Vector3.new(-8.33775711, -1.50917816, 0),
	Vector3.new(-8.88858032, -1.89932632, 0),
	Vector3.new(-9.49592972, -2.11370468, 0),
	Vector3.new(-10.2535744, -2.14333725, 0),
	Vector3.new(-10.7410736, -1.99505615, 0),
	Vector3.new(-11.1023941, -1.71747589, 0),
	Vector3.new(-10.7462006, -1.7453537, 0),
	Vector3.new(-10.5191612, -1.58145523, 0),
	Vector3.new(-10.5123405, -1.33447647, 0),
	Vector3.new(-10.7390099, -1.10861206, 0),
	Vector3.new(-11.1919861, -1.09545135, 0),
	Vector3.new(-11.3946228, -1.00532913, 0),
	Vector3.new(-11.5068588, -0.702651978, 0),
	Vector3.new(-11.5465965, -0.479431152, 0),
	Vector3.new(-9.45134354, -0.685836792, 0),
	Vector3.new(-9.59386444, -0.868019104, 0),
	Vector3.new(-9.57185745, -1.10998154, 0),
	Vector3.new(-9.32292175, -1.20970154, 0),
	Vector3.new(-8.95775604, -1.26856995, 0),
	Vector3.new(-8.67710114, -1.14391708, 0),
	Vector3.new(-8.60131073, -0.736450195, 0),
	Vector3.new(-8.10535812, -0.832649231, 0),
	Vector3.new(-8.42812729, -1.46122742, 0),
	Vector3.new(-9.2318573, -1.95042801, 0),
	Vector3.new(-10.8436165, -1.86812592, 0),
	Vector3.new(-10.2202454, -2.0533905, 0),
	Vector3.new(-9.50362778, -2.02307892, 0),
	Vector3.new(-8.23959351, -0.946159363, 0),
	Vector3.new(-9.02475739, -1.71149063, 0),
	Vector3.new(-8.452034, -1.33747864, 0),
	Vector3.new(-8.48431015, -0.826381683, 0),
	Vector3.new(-8.38942337, -0.845726013, 0),
	Vector3.new(-8.55170822, -1.11229706, 0),
	Vector3.new(-8.50460815, -0.857051849, 0),
	Vector3.new(-8.7886467, -1.35988235, 0),
	Vector3.new(-9.40097809, -1.78454971, 0),
	Vector3.new(-10.0133743, -1.71347046, 0),
	Vector3.new(-10.5936623, -1.24850464, 0),
	Vector3.new(-10.1061554, -1.76494217, 0),
	Vector3.new(-9.42134857, -1.84666061, 0),
	Vector3.new(-10.7101135, -1.75565338, 0),
	Vector3.new(-10.2806778, -1.70377731, 0),
	Vector3.new(-10.4537735, -1.56145859, 0),
	Vector3.new(-10.6284523, -0.630462646, 0),
	Vector3.new(-11.4229889, -0.561992645, 0),
	Vector3.new(-11.2524681, -0.96395874, 0),
	Vector3.new(-10.7025757, -1.01872253, 0),
	Vector3.new(-10.7394028, -0.701023102, 0),
	Vector3.new(-11.257534, -0.697284698, 0),
	Vector3.new(-11.1227188, -0.952823639, 0),
	Vector3.new(-10.8015594, -0.880172729, 0),
	Vector3.new(-10.8708496, -0.811420441, 0),
	Vector3.new(-11.0709381, -0.833358765, 0),
	Vector3.new(-11.1104927, -0.813995361, 0),
	Vector3.new(-10.7003326, -0.799663544, 0),
	Vector3.new(-10.5790405, -0.718952179, 0),
	Vector3.new(-9.61499786, -0.757835388, 0),
	Vector3.new(-9.56148911, -1.12002945, 0),
	Vector3.new(-9.75671387, -1.21264267, 0),
	Vector3.new(-9.96203232, -1.20391846, 0),
	Vector3.new(-10.2373924, -1.06486893, 0),
	Vector3.new(-10.4594917, -0.89667511, 0),
	Vector3.new(-10.3805771, -1.24712372, 0),
	Vector3.new(-10.2898445, -1.44902039, 0),
	Vector3.new(-10.5293732, -0.797813416, 0),
	Vector3.new(-9.68623352, -0.858901978, 0),
	Vector3.new(-9.68537903, -1.05022049, 0),
	Vector3.new(-9.99275589, -1.13341904, 0),
	Vector3.new(-10.3786736, -0.905864716, 0),
	Vector3.new(-9.78815842, -1.01074982, 0),
	Vector3.new(-9.82909393, -1.03125763, 0),
	Vector3.new(-9.3852005, -1.19994736, 0),
	Vector3.new(-9.03044891, -1.29970932, 0),
	Vector3.new(-9.50556946, -1.74339676, 0),
	Vector3.new(-8.7488327, -1.23652267, 0),
	Vector3.new(-8.39115906, -0.979068756, 0),
	Vector3.new(-8.25063705, -0.850257874, 0),
	Vector3.new(-7.71473312, -0.604892731, 0),
	Vector3.new(-6.60735321, -0.965484619, 0),
	Vector3.new(-6.79062271, -1.66558456, 0),
	Vector3.new(-7.3207283, -2.82117462, 0),
	Vector3.new(-8.36218643, -4.07218552, 0),
	Vector3.new(-7.24643707, -3.30572891, 0),
	Vector3.new(-6.05419159, -2.38054276, 0),
	Vector3.new(-5.13777542, -1.54533768, 0),
	Vector3.new(-4.66569519, -1.23347855, 0),
	Vector3.new(-4.48772049, -1.93492508, 0),
	Vector3.new(-5.41721725, -3.63158798, 0),
	Vector3.new(-4.25527191, -2.65002823, 0),
	Vector3.new(-3.31818008, -1.79437256, 0),
	Vector3.new(-2.02131653, -2.92631531, 0),
	Vector3.new(-0.227844238, -3.89666748, 0),
	Vector3.new(-0.733837128, -2.6438446, 0),
	Vector3.new(-0.984996796, -0.549289703, 0),
	Vector3.new(-0.733718872, 0.600631714, 0),
	Vector3.new(-0.183280945, 1.84965515, 0),
	Vector3.new(0.176689148, 2.25958633, 0),
	Vector3.new(1.09943771, 2.93111038, 0),
	Vector3.new(2.2424736, 3.21897507, 0),
	Vector3.new(1.1440773, 2.88464737, 0),
	Vector3.new(0.075378418, 2.18561172, 0),
	Vector3.new(0.258110046, 2.44087982, 0),
	Vector3.new(0.397884369, 3.27895737, 0),
	Vector3.new(1.89556122, 4.7742424, 0),
	Vector3.new(1.71133804, 5.28873062, 0),
	Vector3.new(0.837078094, 4.50669861, 0),
	Vector3.new(0.381797791, 3.37557602, 0),
	Vector3.new(1.67649841, 5.15601349, 0),
	Vector3.new(1.78452682, 4.86540222, 0),
	Vector3.new(0.722763062, 3.71938324, 0),
	Vector3.new(1.65366745, 5.02021408, 0),
	Vector3.new(1.32856369, 4.80246353, 0),
	Vector3.new(0.864780426, 4.36580276, 0),
	Vector3.new(0.691730499, 3.97054291, 0),
	Vector3.new(1.17217636, 4.66268539, 0),
	Vector3.new(1.61490631, 5.13927078, 0),
	Vector3.new(1.7373848, 4.75534058, 0),
	Vector3.new(1.69495392, 4.58246994, 0),
	Vector3.new(1.15472412, 4.08811951, 0),
	Vector3.new(0.852287292, 4.53190994, 0),
	Vector3.new(1.47631454, 6.33281708, 0),
	Vector3.new(1.24851608, 7.97029495, 0),
	Vector3.new(0.72914505, 6.67232895, 0),
	Vector3.new(0.298355103, 5.27171707, 0),
	Vector3.new(0.150043488, 8.20063019, 0),
	Vector3.new(0.171424866, 10.9256325, 0),
	Vector3.new(-0.392856598, 14.2482491, 0),
	Vector3.new(-0.663589478, 9.21964645, 0),
	Vector3.new(-1.36577606, 5.96290207, 0),
	Vector3.new(-2.29205322, 2.75513077, 0),
	Vector3.new(-2.88367844, 1.30967331, 0),
	Vector3.new(-2.42387772, 4.09311295, 0),
	Vector3.new(-2.15168762, 7.27432251, 0),
	Vector3.new(-2.13446045, 9.67525482, 0),
	Vector3.new(-2.4790535, 13.5993996, 0),
	Vector3.new(-2.46880722, 9.42599106, 0),
	Vector3.new(-2.82519531, 5.87175369, 0),
	Vector3.new(-3.19029617, 3.51413727, 0),
	Vector3.new(-3.79377365, 0.736198425, 0),
	Vector3.new(-3.94831848, 3.48732376, 0),
	Vector3.new(-4.31550217, 6.34593582, 0),
	Vector3.new(-5.25614929, 11.0470734, 0),
	Vector3.new(-5.11735153, 8.19571304, 0),
	Vector3.new(-5.22398376, 4.98146057, 0),
	Vector3.new(-5.75114441, 7.57451248, 0),
	Vector3.new(-6.48222351, 10.2628899, 0),
	Vector3.new(-6.7150383, 12.1849861, 0),
	Vector3.new(-7.02011871, 10.4415016, 0),
	Vector3.new(-6.88197708, 9.00534439, 0),
	Vector3.new(-7.92713165, 6.51859665, 0),
	Vector3.new(-7.82057953, 5.73610687, 0),
	Vector3.new(-7.53043365, 3.14962387, 0),
	Vector3.new(-8.51105499, 3.22934341, 0),
	Vector3.new(-9.21672058, 3.16102982, 0),
	Vector3.new(-9.63928986, 2.64878464, 0),
	Vector3.new(-8.95615768, 2.67396927, 0),
	Vector3.new(-7.85165405, 2.51091766, 0),
	Vector3.new(-7.47188568, 2.37327576, 0),
	Vector3.new(-7.62802505, 3.07849503, 0),
	Vector3.new(-9.11407471, 3.10742569, 0),
	Vector3.new(-9.42758942, 2.81112289, 0),
	Vector3.new(-7.62533569, 2.58082199, 0),
	Vector3.new(-7.79973602, 2.96007538, 0),
	Vector3.new(-9.08462143, 3.02589417, 0),
	Vector3.new(-9.22066879, 2.89317322, 0),
	Vector3.new(-7.75103378, 2.68950272, 0),
	Vector3.new(-7.97540283, 2.87870026, 0),
	Vector3.new(-9.07583618, 2.94455338, 0),
	Vector3.new(-7.5621376, 3.06198883, 0),
	Vector3.new(-7.2887001, 1.95335007, 0),
	Vector3.new(-6.76696396, 0.43327713, 0),
	Vector3.new(-6.4769783, -0.931537628, 0),
	Vector3.new(-6.54895401, -1.19297028, 0),
	Vector3.new(-6.84361649, -1.73705292, 0),
	Vector3.new(-6.73074341, -2.90014267, 0),
	Vector3.new(-6.21730804, -2.49366379, 0),
	Vector3.new(-6.48563766, -0.901371002, 0),
	Vector3.new(-6.23282623, -2.48704529, 0),
	Vector3.new(-5.78834152, -2.09537125, 0),
	Vector3.new(-7.43865585, 7.57907104, 0),
	Vector3.new(-7.0683403, 8.59820175, 0),
	Vector3.new(-5.27766037, -1.57335663, 0),
	Vector3.new(-4.75676346, -1.28134537, 0),
	Vector3.new(-6.98105621, 10.5549927, 0),
	Vector3.new(-6.70038605, 12.0574532, 0),
	Vector3.new(-6.48973846, 10.186306, 0),
	Vector3.new(-5.94953918, 8.16719818, 0),
	Vector3.new(-3.9475975, -2.37687683, 0),
	Vector3.new(-3.39834595, -1.79262924, 0),
	Vector3.new(-5.11034012, 7.96949005, 0),
	Vector3.new(-3.37732315, -1.84167099, 0),
	Vector3.new(-2.80589676, -2.22542953, 0),
	Vector3.new(-3.40520477, 2.45319366, 0),
	Vector3.new(-3.01866913, 4.5279274, 0),
	Vector3.new(-2.75899124, 2.15362167, 0),
	Vector3.new(-2.45832443, 3.88590622, 0),
	Vector3.new(-2.71004486, 6.7112236, 0),
	Vector3.new(-2.51919556, 8.9912529, 0),
	Vector3.new(-2.18685532, 6.96658707, 0),
	Vector3.new(-2.41983795, 4.23287582, 0),
	Vector3.new(-2.88764191, 1.41389847, 0),
	Vector3.new(-2.66047668, 1.89897919, 0),
	Vector3.new(-2.15514755, -2.67796326, 0),
	Vector3.new(-1.36212158, -3.3127594, 0),
	Vector3.new(-2.11309052, 3.18100357, 0),
	Vector3.new(-1.78383255, 4.45951462, 0),
	Vector3.new(-0.602508545, -3.7335968, 0),
	Vector3.new(-1.80068207, 4.43354416, 0),
	Vector3.new(-1.46876144, 5.56872177, 0),
	Vector3.new(-0.657588959, 0.705978394, 0),
	Vector3.new(-0.240322113, 1.76384735, 0),
	Vector3.new(-1.18904495, 6.84155655, 0),
	Vector3.new(-0.932682037, 8.10770798, 0),
	Vector3.new(0.216255188, 2.3236618, 0),
	Vector3.new(0.406345367, 3.50418854, 0),
	Vector3.new(-0.619476318, 10.1743889, 0),
	Vector3.new(-0.497982025, 12.0035248, 0),
	Vector3.new(0.111850739, 9.5213089, 0),
	Vector3.new(0.314281464, 5.33312988, 0),
	Vector3.new(1.23506927, 7.87353897, 0),
	Vector3.new(1.45557022, 6.22557068, 0),
	Vector3.new(0.644268036, 3.55238724, 0),
	Vector3.new(0.1926651, 2.46578979, 0),
	Vector3.new(-0.654315948, 0.804103851, 0),
	Vector3.new(-0.979824066, -0.540855408, 0),
	Vector3.new(-0.809883118, -2.10048294, 0),
	Vector3.new(-0.293304443, -3.90094757, 0),
	Vector3.new(-1.69887161, -3.06731033, 0),
	Vector3.new(-3.33614731, -1.78782654, 0),
	Vector3.new(-4.13703156, -2.51000214, 0),
	Vector3.new(-5.36458969, -3.54676056, 0),
	Vector3.new(-4.47904968, -2.01109314, 0),
	Vector3.new(-4.66140366, -1.30749512, 0),
	Vector3.new(-6.86102295, -3.0186882, 0),
	Vector3.new(-8.29993057, -4.02685547, 0),
	Vector3.new(-7.33295059, -2.81019974, 0),
	Vector3.new(-6.61951447, -1.07427597, 0),
	Vector3.new(-6.60353088, -0.351226807, 0),
	Vector3.new(-6.98654175, 1.05618286, 0),
	Vector3.new(-7.44837952, 2.44577408, 0),
	Vector3.new(-9.20568085, 3.18198013, 0),
	Vector3.new(-8.65546417, 4.43055725, 0),
	Vector3.new(-7.88822174, 6.11146164, 0),
	Vector3.new(-9.24444199, 3.18336868, 0),
	Vector3.new(-10.029705, 2.13628769, 0),
	Vector3.new(-11.1511841, 0.827831268, 0),
	Vector3.new(-12.3571434, -0.102615356, 0),
	Vector3.new(-13.1315842, -0.59677887, 0),
	Vector3.new(-13.0812416, -1.10993576, 0),
	Vector3.new(-12.8634796, -1.5996933, 0),
	Vector3.new(-12.2836533, -1.95221329, 0),
	Vector3.new(-11.7447929, -2.16595459, 0),
	Vector3.new(-11.0838661, -2.36268234, 0),
	Vector3.new(-10.3209305, -2.47629929, 0),
	Vector3.new(-9.3172226, -2.5149498, 0),
	Vector3.new(-10.1615181, -2.46683121, 0),
	Vector3.new(-10.8754387, -2.37792206, 0),
	Vector3.new(-11.511261, -2.22331238, 0),
	Vector3.new(-12.4738808, -1.80367661, 0),
	Vector3.new(-12.9870758, -1.35639954, 0),
	Vector3.new(-13.1941032, -0.595752716, 0),
	Vector3.new(-13.7504654, -0.549388885, 0),
	Vector3.new(-14.1685944, -1.14235687, 0),
	Vector3.new(-14.3392639, -2.83185959, 0),
	Vector3.new(-13.7668648, -5.52268028, 0),
	Vector3.new(-13.0913086, -6.6489315, 0),
	Vector3.new(-16.064045, -4.93645477, 0),
	Vector3.new(-15.7775459, -7.12117767, 0),
	Vector3.new(-16.693512, -5.46868134, 0),
	Vector3.new(-17.2719803, -3.19878387, 0),
	Vector3.new(-17.5840607, -1.1973381, 0),
	Vector3.new(-18.2621422, -3.82152939, 0),
	Vector3.new(-18.5440788, -5.99123001, 0),
	Vector3.new(-19.2586098, -4.94027328, 0),
	Vector3.new(-19.8955383, -4.46324539, 0),
	Vector3.new(-21.1102829, -3.25038528, 0),
	Vector3.new(-21.9661751, -2.45539856, 0),
	Vector3.new(-22.2964935, -1.41334534, 0),
	Vector3.new(-23.0903168, -2.55696869, 0),
	Vector3.new(-21.9367943, -3.58852768, 0),
	Vector3.new(-21.6534042, -5.58785439, 0),
	Vector3.new(-21.616291, -7.30719948, 0),
	Vector3.new(-21.7239151, -7.80135155, 0),
	Vector3.new(-21.2550621, -6.62187958, 0),
	Vector3.new(-20.9417038, -5.14081955, 0),
	Vector3.new(-19.2306633, -7.85378647, 0),
	Vector3.new(-19.0447006, -8.63718796, 0),
	Vector3.new(-18.9679871, -10.3087578, 0),
	Vector3.new(-19.1218033, -11.1165504, 0),
	Vector3.new(-18.6434097, -10.2427483, 0),
	Vector3.new(-18.2469215, -9.48295784, 0),
	Vector3.new(-18.0036659, -8.82024002, 0),
	Vector3.new(-17.5977707, -9.29387665, 0),
	Vector3.new(-17.0707474, -9.96669769, 0),
	Vector3.new(-16.9569931, -10.5445366, 0),
	Vector3.new(-16.97052, -11.5036201, 0),
	Vector3.new(-16.997406, -11.7842846, 0),
	Vector3.new(-16.6542053, -11.1264629, 0),
	Vector3.new(-16.2502747, -10.3252716, 0),
	Vector3.new(-16.1898232, -8.80593109, 0),
	Vector3.new(-16.2669029, -7.41685486, 0),
	Vector3.new(-16.3528442, -6.89340782, 0),
	Vector3.new(-16.9088326, -5.85017395, 0),
	Vector3.new(-17.1521263, -5.33587265, 0),
	Vector3.new(-18.3728561, -5.37802124, 0),
	Vector3.new(-18.5414238, -5.81421089, 0),
	Vector3.new(-19.2266655, -4.90039062, 0),
	Vector3.new(-19.8604126, -3.20899582, 0),
	Vector3.new(-20.4175186, -2.69755554, 0),
	Vector3.new(-20.764122, -2.20453262, 0),
	Vector3.new(-21.092308, -1.59931183, 0),
	Vector3.new(-20.5221214, -2.57121658, 0),
	Vector3.new(-19.9180984, -3.2083931, 0),
	Vector3.new(-19.133667, -4.94290161, 0),
	Vector3.new(-18.7049561, -10.2101555, 0),
	Vector3.new(-19.1978226, -7.92989731, 0),
	Vector3.new(-19.5921249, -7.18489265, 0),
	Vector3.new(-19.7852783, -4.61170197, 0),
	Vector3.new(-20.5458374, -3.77945328, 0),
	Vector3.new(-20.3119583, -6.10879326, 0),
	Vector3.new(-20.9486237, -5.13103104, 0),
	Vector3.new(-21.1408234, -3.24429703, 0),
	Vector3.new(-21.7520409, -2.69145584, 0),
	Vector3.new(-21.7389069, -5.01231766, 0),
	Vector3.new(-21.8807716, -3.63451385, 0),
	Vector3.new(-22.3062973, -3.29179382, 0),
	Vector3.new(-22.4712486, -1.42049789, 0),
	Vector3.new(-22.2971115, -1.41257095, 0),
	Vector3.new(-21.9508667, -2.4616394, 0),
	Vector3.new(-20.5560455, -3.79699326, 0),
	Vector3.new(-19.1814079, -4.96700287, 0),
	Vector3.new(-18.6032143, -5.80304146, 0),
	Vector3.new(-18.507843, -6.02308273, 0),
	Vector3.new(-18.3561478, -5.37695694, 0),
	Vector3.new(-18.1359978, -9.22898102, 0),
	Vector3.new(-17.9543381, -8.81795692, 0),
	Vector3.new(-17.5274124, -9.32745361, 0),
	Vector3.new(-17.6821213, -5.41074371, 0),
	Vector3.new(-17.1577759, -5.38399506, 0),
	Vector3.new(-16.6206856, -11.0083199, 0),
	Vector3.new(-16.245266, -10.2885361, 0),
	Vector3.new(-16.137619, -8.7484436, 0),
	Vector3.new(-16.2726402, -6.94353676, 0),
	Vector3.new(-15.7541733, -7.73276901, 0),
	Vector3.new(-14.8184013, -8.79557228, 0),
	Vector3.new(-13.5789909, -9.92446518, 0),
	Vector3.new(-11.6369858, -11.1403961, 0),
	Vector3.new(-9.03979874, -12.5084229, 0),
	Vector3.new(-6.86870193, -13.5976334, 0),
	Vector3.new(-4.72383499, -14.3959732, 0),
	Vector3.new(-4.49570847, -14.4692039, 0),
	Vector3.new(-4.26973343, -14.4880638, 0),
	Vector3.new(-3.99750137, -14.3988533, 0),
	Vector3.new(-3.65435028, -14.1724339, 0),
	Vector3.new(-2.41012955, -13.0062256, 0),
	Vector3.new(-0.643032074, -11.3073082, 0),
	Vector3.new(0.231143951, -10.4624538, 0),
	Vector3.new(1.64989853, -9.34610367, 0),
	Vector3.new(2.6006012, -8.38595581, 0),
	Vector3.new(3.21787262, -7.48644829, 0),
	Vector3.new(3.54566193, -6.48127556, 0),
	Vector3.new(4.25253296, -3.88876343, 0),
	Vector3.new(4.61998749, -2.54776382, 0),
	Vector3.new(5.55519485, 0.789394379, 0),
	Vector3.new(4.39246368, -3.39743423, 0),
	Vector3.new(4.99186707, -2.8470459, 0),
	Vector3.new(6.02026367, -1.80654144, 0),
	Vector3.new(4.41348267, -3.35836029, 0),
	Vector3.new(3.23327637, -7.45442963, 0),
	Vector3.new(2.63809204, -8.34428024, 0),
	Vector3.new(1.63981247, -9.33497429, 0),
	Vector3.new(0.171936035, -10.5317669, 0),
	Vector3.new(-1.6127739, -12.2774067, 0),
	Vector3.new(-0.671924591, -12.1413174, 0),
	Vector3.new(0.497196198, -11.8598061, 0),
	Vector3.new(1.78546524, -11.8096447, 0),
	Vector3.new(2.56176376, -11.9569473, 0),
	Vector3.new(3.67706299, -12.2741089, 0),
	Vector3.new(4.97790146, -12.5837936, 0),
	Vector3.new(7.34863281, -12.5252457, 0),
	Vector3.new(9.85418701, -12.4074974, 0),
	Vector3.new(11.4716034, -12.2574768, 0),
	Vector3.new(13.0675125, -12.2462425, 0),
	Vector3.new(14.8944092, -12.3249798, 0),
	Vector3.new(16.4298706, -12.7967377, 0),
	Vector3.new(17.7520065, -13.8247452, 0),
	Vector3.new(19.2723236, -15.6753292, 0),
	Vector3.new(21.2837982, -18.934494, 0),
	Vector3.new(22.5746231, -22.2271404, 0),
	Vector3.new(23.1916656, -24.9412251, 0),
	Vector3.new(24.2622604, -29.8476925, 0),
	Vector3.new(23.4451599, -25.7059155, 0),
	Vector3.new(24.2926941, -26.5430012, 0),
	Vector3.new(25.4123154, -28.1672325, 0),
	Vector3.new(26.4766388, -30.6166172, 0),
	Vector3.new(27.0863113, -32.9258881, 0),
	Vector3.new(27.3896103, -35.432518, 0),
	Vector3.new(27.5954361, -37.283844, 0),
	Vector3.new(17.8600616, -37.3079948, 0),
	Vector3.new(17.246521, -33.3429642, 0),
	Vector3.new(17.0439529, -29.3287983, 0),
	Vector3.new(16.4207458, -20.9595356, 0),
	Vector3.new(17.4980927, -29.0613022, 0),
	Vector3.new(18.1896896, -30.8138809, 0),
	Vector3.new(18.8233871, -28.1358566, 0),
	Vector3.new(19.6327133, -25.9477024, 0),
	Vector3.new(19.5681381, -30.2775517, 0),
	Vector3.new(19.5506592, -34.192482, 0),
	Vector3.new(20.0779724, -37.2383385, 0),
	Vector3.new(19.6343384, -37.260643, 0),
	Vector3.new(19.0615845, -27.3189297, 0),
	Vector3.new(18.5786285, -29.4391308, 0),
	Vector3.new(19.0778427, -37.2221451, 0),
	Vector3.new(18.4927444, -37.2451096, 0),
	Vector3.new(17.9061813, -30.1323986, 0),
	Vector3.new(18.4716492, -37.1836472, 0),
	Vector3.new(18.0944977, -37.2672768, 0),
	Vector3.new(17.0981903, -29.3558331, 0),
	Vector3.new(18.0940247, -37.2877159, 0),
	Vector3.new(13.1759338, -37.2336159, 0),
	Vector3.new(13.1148987, -35.0973358, 0),
	Vector3.new(13.1915283, -37.2331238, 0),
	Vector3.new(11.7982025, -37.2770081, 0),
	Vector3.new(11.4845581, -35.4305534, 0),
	Vector3.new(10.2060547, -32.7788696, 0),
	Vector3.new(8.63899994, -29.7868557, 0),
	Vector3.new(6.47362518, -25.5894699, 0),
	Vector3.new(7.45960236, -30.4635353, 0),
	Vector3.new(8.0892334, -33.4890289, 0),
	Vector3.new(8.86288452, -35.946022, 0),
	Vector3.new(9.13748932, -37.2189255, 0),
	Vector3.new(11.7922668, -37.2952003, 0),
	Vector3.new(11.1626816, -37.235878, 0),
	Vector3.new(10.858017, -34.1461105, 0),
	Vector3.new(10.0231476, -32.4742813, 0),
	Vector3.new(10.5572891, -37.250351, 0),
	Vector3.new(9.98937225, -37.2157669, 0),
	Vector3.new(9.3637619, -31.1702194, 0),
	Vector3.new(8.78773499, -30.1547356, 0),
	Vector3.new(9.45905304, -37.1990891, 0),
	Vector3.new(8.7701416, -30.1078224, 0),
	Vector3.new(8.28005219, -29.162468, 0),
	Vector3.new(8.65291595, -35.1212387, 0),
	Vector3.new(7.94194031, -32.8075104, 0),
	Vector3.new(7.51058197, -27.7089329, 0),
	Vector3.new(6.99744797, -26.57971, 0),
	Vector3.new(7.08874893, -28.6777649, 0),
	Vector3.new(5.76081085, -23.2928352, 0),
	Vector3.new(4.62438583, -19.7324181, 0),
	Vector3.new(3.20602036, -16.8344917, 0),
	Vector3.new(1.69325638, -14.2990265, 0),
	Vector3.new(0.89409256, -13.2582493, 0),
	Vector3.new(-1.90493011, -12.5569153, 0),
	Vector3.new(-2.41611862, -13.0190544, 0),
	Vector3.new(-1.44649506, -14.1280899, 0),
	Vector3.new(0.527565002, -17.4474735, 0),
	Vector3.new(1.86237717, -20.2628193, 0),
	Vector3.new(2.48928833, -22.55303, 0),
	Vector3.new(3.69751358, -26.202631, 0),
	Vector3.new(3.98560333, -30.3848591, 0),
	Vector3.new(4.24392319, -32.1170959, 0),
	Vector3.new(4.33868027, -33.8271713, 0),
	Vector3.new(2.56249237, -32.6157036, 0),
	Vector3.new(0.373718262, -31.4427013, 0),
	Vector3.new(-0.932174683, -30.6431885, 0),
	Vector3.new(-4.4130249, -27.6571274, 0),
	Vector3.new(-7.58504486, -25.0674915, 0),
	Vector3.new(-11.2175369, -21.9543781, 0),
	Vector3.new(-12.7050171, -20.2337055, 0),
	Vector3.new(-14.799015, -18.6147995, 0),
	Vector3.new(-12.3565788, -20.4719543, 0),
	Vector3.new(-11.2139587, -20.5575905, 0),
	Vector3.new(-9.23498535, -21.0726128, 0),
	Vector3.new(-7.50453568, -21.4523697, 0),
	Vector3.new(-6.46498108, -21.6519947, 0),
	Vector3.new(-5.22215271, -22.1317482, 0),
	Vector3.new(-4.80553055, -22.3734093, 0),
	Vector3.new(-5.26384735, -22.0999355, 0),
	Vector3.new(-6.49097824, -21.6292877, 0),
	Vector3.new(-9.5018959, -21.0410404, 0),
	Vector3.new(-11.3519058, -20.5393448, 0),
	Vector3.new(-12.2683716, -20.5442924, 0),
	Vector3.new(-11.3282967, -21.0932999, 0),
	Vector3.new(-9.77343369, -22.0181656, 0),
	Vector3.new(-7.55615997, -23.7316895, 0),
	Vector3.new(-5.74938965, -24.6400928, 0),
	Vector3.new(-4.38871765, -25.702673, 0),
	Vector3.new(-3.20905304, -26.6502399, 0),
	Vector3.new(-1.8178978, -27.3809872, 0),
	Vector3.new(-0.244449615, -28.0887127, 0),
	Vector3.new(1.58052063, -28.9351463, 0),
	Vector3.new(1.86614227, -28.8328171, 0),
	Vector3.new(2.01738358, -27.8430061, 0),
	Vector3.new(2.07380295, -25.759903, 0),
	Vector3.new(1.71363449, -24.5317802, 0),
	Vector3.new(1.30725861, -23.2502346, 0),
	Vector3.new(1.1220932, -20.4174309, 0),
	Vector3.new(1.00519562, -19.5060272, 0),
	Vector3.new(0.644515991, -18.2409401, 0),
	Vector3.new(0.492153168, -17.406456, 0),
	Vector3.new(0.755054474, -18.8160381, 0),
	Vector3.new(-0.347854614, -19.5887299, 0),
	Vector3.new(-1.50791931, -20.226181, 0),
	Vector3.new(-2.17033005, -21.0170822, 0),
	Vector3.new(-2.50540161, -21.4952564, 0),
	Vector3.new(-1.54816818, -20.2635479, 0),
	Vector3.new(-0.311321259, -19.5897655, 0),
	Vector3.new(0.784172058, -18.758419, 0),
	Vector3.new(0.392616272, -17.2466927, 0),
	Vector3.new(-0.660095215, -15.4799309, 0),
	Vector3.new(-1.46077728, -14.0927887, 0),
	Vector3.new(-2.42196655, -13.016449, 0),
	Vector3.new(-3.43445587, -13.9669151, 0),
	Vector3.new(-3.69948196, -14.2245045, 0),
	Vector3.new(-4.04829407, -14.4314423, 0),
	Vector3.new(-4.45929718, -14.4942665, 0),
	Vector3.new(-4.77583694, -14.3711624, 0),
	Vector3.new(-4.89318466, -15.0146847, 0),
	Vector3.new(-5.26803207, -16.0796585, 0),
	Vector3.new(-5.46035004, -17.1241493, 0),
	Vector3.new(-5.34741974, -18.0376282, 0),
	Vector3.new(-5.44497299, -17.1239986, 0),
	Vector3.new(-5.29448318, -16.0641479, 0),
	Vector3.new(-4.90156555, -15.0825672, 0),
	Vector3.new(-4.8399086, -14.5830498, 0),
	Vector3.new(-5.24266815, -14.6093483, 0),
	Vector3.new(-5.90983582, -14.4596176, 0),
	Vector3.new(-6.77367783, -13.6740837, 0),
	Vector3.new(-4.94561386, -14.5077286, 0),
	Vector3.new(-5.56481934, -14.3844967, 0),
	Vector3.new(-6.2330246, -13.9582005, 0),
	Vector3.new(-5.90484619, -14.3305359, 0),
	Vector3.new(-5.46092224, -14.4582558, 0),
	Vector3.new(-4.88327789, -14.4600334, 0),
	Vector3.new(-5.93795013, -13.9191093, 0),
	Vector3.new(-6.86474228, -13.5994263, 0),
	Vector3.new(-8.37491608, -12.8628445, 0),
	Vector3.new(-10.2223587, -11.8883591, 0),
	Vector3.new(-11.7589378, -11.118597, 0),
	Vector3.new(-12.9510574, -10.3065834, 0),
	Vector3.new(-13.969223, -9.57944489, 0),
	Vector3.new(-15.0432281, -8.49583817, 0),
	Vector3.new(-16.2863159, -6.96328163, 0),
	Vector3.new(-16.1606789, -8.93371582, 0),
	Vector3.new(-16.2520142, -10.2761364, 0),
	Vector3.new(-16.6989212, -11.2095032, 0),
	Vector3.new(-17.0206833, -11.8022289, 0),
	Vector3.new(-17.8628311, -12.4265556, 0),
	Vector3.new(-18.8593292, -13.0901737, 0),
	Vector3.new(-20.4203644, -13.852726, 0),
	Vector3.new(-17.885704, -15.4607162, 0),
	Vector3.new(-14.8467178, -18.6842384, 0),
	Vector3.new(-17.885704, -15.4607162, 0),
	Vector3.new(-20.5884247, -13.7286587, 0),
	Vector3.new(-22.0707397, -13.2043495, 0),
	Vector3.new(-23.7871246, -12.9218712, 0),
	Vector3.new(-24.7336884, -13.0730877, 0),
	Vector3.new(-25.4068527, -13.5181084, 0),
	Vector3.new(-25.9931717, -14.0467682, 0),
	Vector3.new(-26.5303059, -14.4029579, 0),
	Vector3.new(-27.0409431, -14.4996147, 0),
	Vector3.new(-25.2437534, -15.021946, 0),
	Vector3.new(-23.5125694, -15.8821793, 0),
	Vector3.new(-19.0674362, -18.5169334, 0),
	Vector3.new(-21.4194908, -16.5054054, 0),
	Vector3.new(-23.7327156, -14.9372063, 0),
	Vector3.new(-24.8638134, -14.3232841, 0),
	Vector3.new(-24.3072319, -13.7537193, 0),
	Vector3.new(-23.7565041, -13.2977295, 0),
	Vector3.new(-22.188839, -13.2453747, 0),
	Vector3.new(-23.8083649, -12.9432316, 0),
	Vector3.new(-23.7047958, -13.2805519, 0),
	Vector3.new(-24.2384109, -13.6468449, 0),
	Vector3.new(-24.3761635, -13.0435448, 0),
	Vector3.new(-24.9302711, -13.1983509, 0),
	Vector3.new(-24.6898308, -15.2383537, 0),
	Vector3.new(-25.2693844, -14.954052, 0),
	Vector3.new(-25.4179878, -13.5746899, 0),
	Vector3.new(-25.9419136, -14.0611992, 0),
	Vector3.new(-25.8858013, -14.8511448, 0),
	Vector3.new(-24.4754028, -15.3872871, 0),
	Vector3.new(-23.9629974, -15.6545162, 0),
	Vector3.new(-24.0671158, -14.7910748, 0),
	Vector3.new(-23.4152718, -15.2009392, 0),
	Vector3.new(-23.270813, -15.9273872, 0),
	Vector3.new(-22.5944977, -16.4170322, 0),
	Vector3.new(-22.6557922, -15.677887, 0),
	Vector3.new(-21.7767334, -16.2508965, 0),
	Vector3.new(-21.6743546, -16.9718208, 0),
	Vector3.new(-20.8253174, -17.4697495, 0),
	Vector3.new(-20.8860016, -16.965435, 0),
	Vector3.new(-20.8273354, -17.4529953, 0),
	Vector3.new(-23.0054131, -16.06674, 0),
	Vector3.new(-24.6332703, -15.2788696, 0),
	Vector3.new(-27.0113983, -14.5147476, 0),
	Vector3.new(-27.4601612, -14.6083698, 0),
	Vector3.new(-28.2628403, -14.6553383, 0),
	Vector3.new(-30.4401417, -14.5631676, 0),
	Vector3.new(-32.2786331, -15.0092659, 0),
	Vector3.new(-34.335968, -16.5346184, 0),
	Vector3.new(-35.6751747, -17.9472275, 0),
	Vector3.new(-36.641201, -19.3725052, 0),
	Vector3.new(-36.7043571, -34.9192276, 0),
	Vector3.new(-35.7281265, -36.5340424, 0),
	Vector3.new(-35.4426994, -37.3178024, 0),
	Vector3.new(-10.6557541, -37.2556305, 0),
	Vector3.new(-11.0845871, -34.7967529, 0),
	Vector3.new(-11.896244, -28.4304295, 0),
	Vector3.new(-11.5111389, -34.8398209, 0),
	Vector3.new(-11.3827744, -37.1574249, 0),
	Vector3.new(-11.686451, -37.2180862, 0),
	Vector3.new(-12.2361259, -35.3253632, 0),
	Vector3.new(-13.4284401, -31.6279888, 0),
	Vector3.new(-14.0840263, -30.1020203, 0),
	Vector3.new(-11.7462158, -37.0710068, 0),
	Vector3.new(-10.6336784, -37.2448235, 0),
	Vector3.new(-7.02815247, -37.2129059, 0),
	Vector3.new(-7.65073395, -34.7767792, 0),
	Vector3.new(-6.9810791, -37.2375412, 0),
	Vector3.new(-4.12346268, -37.2999802, 0),
	Vector3.new(-5.8639946, -32.6509552, 0),
	Vector3.new(-7.0718956, -29.3814526, 0),
	Vector3.new(-7.3513031, -28.6520481, 0),
	Vector3.new(-5.26947021, -30.8079853, 0),
	Vector3.new(-2.54353333, -32.9823608, 0),
	Vector3.new(0.487239838, -35.4356079, 0),
	Vector3.new(2.97151566, -36.7895355, 0),
	Vector3.new(0.382808685, -35.3126526, 0),
	Vector3.new(-3.83230972, -31.9560509, 0),
	Vector3.new(-5.35792923, -30.7154484, 0),
	Vector3.new(-7.33707809, -28.7349339, 0),
	Vector3.new(-8.80091858, -25.9837513, 0),
	Vector3.new(-11.3544083, -22.9693947, 0),
	Vector3.new(-12.7796364, -21.1649799, 0),
	Vector3.new(-14.8216095, -18.6746807, 0)
}
